a:4:{s:4:"code";s:18:"code_60eeefb02abf7";s:9:"client_id";s:30:"client_60eeec702e7941.64411400";s:7:"user_id";s:28:"user_6087d1978824c4.38987336";s:10:"expired_in";O:17:"DateTimeImmutable":3:{s:4:"date";s:26:"2021-07-14 14:12:44.178060";s:13:"timezone_type";i:3;s:8:"timezone";s:3:"UTC";}}
a:4:{s:4:"code";s:18:"code_60eef23baab97";s:9:"client_id";s:30:"client_60eeec702e7941.64411400";s:7:"user_id";s:28:"user_6087d1978824c4.38987336";s:10:"expired_in";O:17:"DateTimeImmutable":3:{s:4:"date";s:26:"2021-07-14 14:23:35.701833";s:13:"timezone_type";i:3;s:8:"timezone";s:3:"UTC";}}
a:4:{s:4:"code";s:18:"code_60eefd6d96c8c";s:9:"client_id";s:30:"client_60eeec702e7941.64411400";s:7:"user_id";s:28:"user_6087d1978824c4.38987336";s:10:"expired_in";O:17:"DateTimeImmutable":3:{s:4:"date";s:26:"2021-07-14 15:11:21.620407";s:13:"timezone_type";i:3;s:8:"timezone";s:3:"UTC";}}
a:4:{s:4:"code";s:18:"code_60ef014798ad8";s:9:"client_id";s:30:"client_60eeec702e7941.64411400";s:7:"user_id";s:28:"user_6087d1978824c4.38987336";s:10:"expired_in";O:17:"DateTimeImmutable":3:{s:4:"date";s:26:"2021-07-14 15:27:47.627799";s:13:"timezone_type";i:3;s:8:"timezone";s:3:"UTC";}}